4 4 4 4 4 4 4 4 4 4 4 4 4 4 4 4 4 4 4 4 4 4 4 4 4 4 4 4 4 4 4 4 4 4 4 4 4 4 4 4 
4 4 4 4 4 4 4 4 4 4 4 4 4 4 4 4 4 4 4 4 4 4 4 4 4 4 4 4 4 4 4 4 4 4 4 4 4 4 4 4 
4 4 4 4 4 4 4 4 4 4 4 4 4 4 4 4 7 7 7 7 7 7 7 4 4 4 4 4 4 4 7 7 7 7 7 4 4 4 4 4 
4 4 4 4 4 4 4 4 4 4 9 9 9 9 9 9 9 9 9 9 9 9 9 7 4 4 4 4 4 7 9 9 9 9 9 9 9 4 4 4 
4 4 4 4 4 4 4 4 4 4 9 5 4 4 4 4 7 7 7 7 7 7 9 7 4 4 4 4 4 7 9 7 7 7 7 4 9 4 4 4 
3 3 3 3 4 4 8 8 8 8 9 5 4 4 4 4 4 4 4 4 4 7 9 7 4 4 4 4 4 7 9 7 4 4 4 4 9 4 4 4 
3 3 3 3 4 4 8 8 8 8 9 5 4 4 4 4 4 4 4 4 4 7 9 7 4 4 4 4 4 7 9 7 4 4 4 4 9 4 4 4 
3 10 3 3 4 4 8 8 8 8 9 5 4 4 4 4 4 4 4 4 4 7 9 7 4 4 4 4 4 7 9 7 4 4 4 4 9 4 4 4 
1 9 9 9 9 9 9 9 9 9 9 5 4 4 4 4 4 4 4 4 4 7 9 7 7 4 4 4 4 4 9 4 4 4 4 4 9 4 4 4 
5 5 5 5 5 5 5 5 5 5 5 5 4 4 4 4 4 4 4 4 4 7 9 9 9 9 9 9 9 9 9 4 4 4 4 4 9 4 4 4 
5 5 5 5 5 5 5 5 5 5 5 5 4 4 4 4 4 4 4 4 4 4 7 7 7 4 4 4 4 4 4 4 4 4 4 4 9 4 4 4 
5 5 5 5 5 5 5 5 5 5 5 5 4 4 4 4 4 4 4 4 4 4 4 4 4 4 4 4 4 4 4 4 4 4 4 4 9 4 4 4 
3 3 3 3 8 8 3 3 3 3 3 5 4 4 4 4 4 4 4 4 4 4 4 4 4 4 4 4 4 4 7 7 7 7 7 4 9 4 4 4 
3 3 3 3 8 8 3 3 3 3 3 5 4 4 4 4 4 4 4 9 9 9 9 9 9 4 4 4 4 7 9 9 9 9 9 9 9 4 4 4 
3 3 3 3 8 8 3 3 10 3 3 5 4 4 4 4 4 4 4 9 4 4 4 4 9 4 4 4 4 7 9 7 7 7 7 4 4 4 4 4 
3 3 3 3 8 8 3 3 3 3 3 5 4 4 4 4 4 4 4 9 4 4 4 4 9 7 7 7 7 7 9 7 4 4 4 4 4 4 4 4 
5 5 5 5 4 4 5 5 5 5 4 4 4 4 4 4 4 4 4 9 4 4 4 4 9 9 9 9 9 9 9 7 4 4 4 4 4 4 4 4 
4 4 4 4 4 4 4 4 4 4 4 4 4 4 4 4 4 4 7 9 7 4 4 4 7 7 7 7 7 7 7 4 4 4 4 4 4 4 4 4 
4 4 4 4 4 4 4 4 4 4 4 4 7 7 7 7 7 7 7 9 7 4 4 4 4 4 4 4 4 4 4 4 4 4 4 4 4 4 4 4 
4 4 4 4 4 4 4 4 4 9 9 9 9 9 9 9 9 9 9 9 7 4 4 4 4 4 4 4 4 4 4 4 4 4 7 7 7 7 7 4 
4 4 4 4 4 4 4 4 4 9 4 4 7 7 7 7 7 7 7 7 4 4 4 4 4 4 4 4 4 4 4 4 4 7 9 9 9 9 9 7 
4 4 4 4 4 4 4 4 4 9 4 4 4 4 4 4 4 4 4 4 4 4 4 4 4 4 4 4 4 4 4 4 4 7 9 7 7 7 9 7 
4 4 4 7 7 7 7 7 7 9 7 4 4 4 4 4 4 4 4 4 4 4 4 4 4 4 9 9 9 9 9 4 4 7 9 7 4 7 9 7 
4 4 7 9 9 9 9 9 9 9 7 4 4 4 4 4 7 7 7 7 7 7 4 4 4 4 9 4 4 4 9 4 4 7 9 7 4 7 9 7 
4 4 7 9 7 7 7 7 7 7 4 4 4 4 4 7 9 9 9 9 9 9 7 4 4 4 9 4 4 4 9 4 4 7 9 7 4 7 9 7 
4 4 7 9 7 4 4 4 4 4 4 4 4 4 4 7 9 7 7 7 7 9 7 4 4 4 9 4 4 4 9 4 4 7 9 7 4 5 9 5 
4 4 7 9 7 7 7 4 4 4 4 4 7 7 7 7 9 7 4 4 7 9 7 7 7 7 9 4 4 4 9 4 7 7 9 7 4 5 9 5 
4 4 7 9 9 9 9 9 9 9 9 9 9 9 9 9 9 7 4 4 7 9 9 9 9 9 9 4 4 4 9 9 9 9 9 7 4 5 9 5 
4 4 4 7 7 7 7 4 4 4 4 4 7 7 7 7 7 4 4 4 4 7 7 7 7 7 7 4 4 4 4 4 7 7 7 4 4 5 9 5 
4 4 4 4 4 4 4 4 4 4 4 4 4 4 4 4 4 4 4 4 4 4 4 4 4 4 4 4 4 4 4 4 4 4 4 4 4 5 2 5 
